1832482
1832485
1832488
1832495
1832504
1832512
1832519
1832521
1832527
1832531
1832543
1832551
1832559
1832569
1832577
1832588
1832592
1832604
1832606
1832621
1832624
1832643
1832647
1832662
1832666
1832675
1832683
1832696
1832700
1832721
1832726
1832740
1832748
1832752
1832759
1832763
1832771
1832781
1832785
1832796
1832800
1832817
1832830
1832838
1832849
1832854
1832856
1832870
1832873
1832893
1832901
1832909
1832919
1832927
1832940
1832944
1832947
1832958
1832962
1832969
1832985
1832992
1833001
1833006
1833009
1833028
1833032
1833036
1833043
1833046
1833079
1833084
1833091
1833102
1833105
1833113
1833123
1833133
1833145
1833150
1833163
1833182
1833186
1833193
1833228
1833244
1833248
1833265
1833282
1833312
1833319
1834068
1834308
1834315
1834329
1834343
1834346
1834349
1834353
1834361
1834363
1834367
1834406
1834438
1834442
1834446
1834449
1834464
1834466
1834475
1834478
1834495
1834508
1834512
1834527
1834539
1834546
1834552
1834566
1834573
1834587
1834600
1834605
1834608
1834622
1834640
1834644
1834648
1834658
1834670
1834679
1834687
1834690
1834711
1834715
1834719
1834727
1834731
1834752
1834755
1834812
1834818
1834828
1834830
1834833
1834838
1834847
1834851
1834854
1834885
1834893
1834895
1834897
1834902
1834910
1834912
1834914
1834957
1834960
1834964
1835021
1835023
1835025
1835029
1835035
1835037
1835039
1835041
1835049
1835052
1835067
1835070
1835077
1835120
1835130
1835148
1835157
1835161
1835165
1835175
1835181
1835189
1835222
1835230
1835277
1835301
1835321
1835411
1835416
1835426
1835429
1835445
1835485
1835551
1835626
1835647
1835650
1835662
1835764
1835788
1835803
1835820
1835823
1835827
1835830
1835838
1835840
1835862
1835866
1835887
1835889
1835900
1835924
1835927
1835932
1835947
1835963
1835975
1835996
1836004
1836031
1836036
1836040
1836051
1836059
1836069
1836072
1836078
1836095
1836098
1836113
1836116
1836125
1836131
1836134
1836139
1836142
1836149
1836153
1836168
1836171
1836180
1836186
1836215
1836222
1836250
1836255
1836266
1836273
1836297
1836306
1836314
1836316
1836354
1836374
1836393
1836425
1836441
1836447
1836467
1836474
1836492
1836496
1836549
1836559
1836562
1836579
1836599
1836602
1836607
1836613
1836621
1836624
1836641
1836643
1836646
1836652
1836659
1836661
1836666
1836671
1836677
1836681
1836686
1836700
1836704
1836707
1836719
1836722
1836724
1836730
1836737
1836739
1836743
1836754
1836759
1836764
1836774
1836780
1836785
1836795
1836798
1836806
1836813
1836831
1836835
1836841
1836848
1836850
1836855
1836866
1836870
1836872
1836879
1836889
1836893
1836895
1836904
1836910
1836915
1836932
1836934
1836953
1836967
1836970
1836974
1836978
1836986
1836989
1836997
1837015
1837021
1837026
1837034
1837036
1837046
1837052
1837054
1837059
1837064
1837070
1837073
1837083
1837092
1837095
1837101
1837119
1837122
1837128
1837130
1837137
1837139
1837144
1837148
1837174
1837179
1837183
1837193
1837196
1837202
1837210
1837212
1837262
1837265
1837283
1837286
1837290
1837295
1837304
1837306
1837328
1837332
1837335
1837343
1837346
1837351
1837361
1837363
1837369
1837380
1837385
1837389
1837397
1837404
1837421
1837424
1837429
1837432
1837455
1837457
1837460
1837464
1837471
1837473
1837478
1837494
1837511
1837539
1837543
1837547
1837550
1837559
1837645
1837648
1837657
1837679
1837683
1837688
1837730
1837733
1837738
1837742
1837795
1837840
1837876
1837878
1837894
1837897
1837904
1837939
1837977
1837991
1838038
1838068
1838071
1838075
1838085
1838113
1838117
1838127
1838136
1838140
1838174
1838210
1838269
1838310
1838314
1838399
1838456
1838458
1838486
1838580
1838584
1838637
1838641
1838646
1838649
1838797
1838799
1838870
1838927
1839123
1839148
1840033
1840052
1840058
1840084
1840088
1840093
1840126
1840140
1840160
1840228
1840230
1840247
1840249
1840267
1840362
1840365
1840375
1840381
1840385
1840399
1840417
1840421
1840431
1840434
1840439
1840452
1840461
1840468
1840471
1840486
1840489
1840507
1840511
1840519
1840523
1840530
1840539
1840547
1840550
1840558
1840578
1840581
1840589
1840607
1840610
1840622
1840624
1840632
1840641
1840644
1840648
1840654
1840656
1840661
1840665
1840673
1840676
1840684
1840693
1840702
1840716
1840735
1840737
1840746
1840754
1840756
1840766
1840773
1840775
1840812
1840814
1840817
1840831
1840833
1840840
1840850
1840859
1840866
1840868
1840875
1840885
1840892
1840895
1840901
1840922
1840938
1840943
1840948
1840958
1840966
1841005
1841008
1841015
1841021
1841024
1841031
1841038
1841045
1841057
1841059
1841065
1841080
1841088
1841103
1841118
1841121
1841136
1841142
1841156
1841161
1841169
1841179
1841193
1841198
1841209
1841212
1841217
1841228
1841231
1841249
1841251
1841268
1841272
1841305
1841308
1841324
1841328
1841343
1841346
1841363
1841365
1841370
1841423
1841517
1841526
1841969
1842027
1842530
1842656
1842901
1842904
1842906
1842919
1842922
1842925
1842930
1842979
1843018
1843022
1843025
1843055
1843182
1843185
1843193
1843701
1843703
1843797
1843865
1843881
1843956
1843995
1843998
1844226
1844261
1844488
1844706
1844710
1844722
1844762
1844780
1844809
1844843
1844845
1844863
1844873
1844880
1844902
1844914
1844920
1844924
1844938
1844942
1844958
1844960
1844975
1844979
1844987
1844994
1845000
1845003
1845038
1845040
1845046
1845050
1845060
1845068
1845075
1845081
1845107
1845109
1845119
1845125
1845143
1845147
1845162
1845165
1845183
1845189
1845199
1845208
1845210
1845216
1845220
1845249
1845309
1845312
1845358
1845378
1845406
1845458
1845560
1848496
1848503
1848505
1848507
1848511
1848526
1848529
1848553
1848555
1848559
1848564
1848572
1848606
1848609
1848613
1848618
1848648
1848655
1848680
1848708
1848710
1848729
1848747
1848750
1848769
1848785
1848788
1848806
1848811
1848843
1848846
1848865
1848882
1848908
1848913
1848929
1848932
1848949
1848966
1848969
1848984
1848988
1848991
1849013
1849017
1849021
1849033
1849049
1849053
1849087
1849090
1849103
1849120
1849136
1849154
1849157
1849161
1849165
1849201
1849216
1849220
1849256
1849282
1849287
1849301
1849313
1849331
1849342
1849383
1849387
1849435
1849439
1849454
1849458
1849473
1849476
1849525
1849545
1849547
1849553
1849584
1849612
1849640
1849644
1851165
1851175
1851192
1851269
1851287
1851316
1851389
1851496
1851502
1851613
1851645
1851649
1851660
1851663
1851677
1851680
1851684
1851688
1851749
1851767
1851815
1851825
1851832
1851837
1851841
1851895
1851952
1851956
1851960
1851976
1851998
1852039
1852041
1852060
1852062
1852091
1852095
1852112
1852129
1852146
1852183
1852195
1852207
1852214
1852221
1852231
1852233
1852241
1852304
1852319
1852330
1852336
1852338
1852346
1852372
1852401
1852406
1852410
1852422
1852438
1852440
1852444
1852449
1852457
1852484
1852534
1852536
1852538
1852540
1852568
1852572
1852630
1852649
1852651
1852661
1852665
1852683
1852689
1852699
1852723
1852730
1852733
1852735
1852747
1852749
1852751
1852757
1852767
1852779
1852806
1852808
1852812
1852815
1852828
1852830
1852838
1852841
1852856
1852860
1852874
1852899
1852902
1852905
1852908
1852916
1852919
1852922
1852926
1852954
1852956
1852967
1852975
1852984
1852992
1853002
1853006
1853010
1853019
1853028
1853030
1853036
1853040
1853048
1853050
1853057
1853064
1853066
1853068
1853074
1853083
1853089
1853099
1853107
1853131
1853133
1853136
1853150
1853152
1853154
1853169
1853172
1853177
1853186
1853197
1853203
1853217
1853221
1853236
1853238
1853243
1853256
1853271
1853274
1853298
1853302
1853311
1853318
1853333
1853340
1853348
1853351
1853355
1853367
1853370
1853378
1853386
1853389
1853393
1853397
1853421
1853424
1853429
1853442
1853445
1853478
1853480
1853485
1853497
1853501
1853508
1853520
1853528
1853531
1853548
1853551
1853559
1853566
1853568
1853577
1853582
1853601
1853608
1853624
1853640
1853644
1853663
1853678
1853714
1853717
1853731
1853733
1853741
1853750
1853767
1853780
1853792
1853796
1853801
1853814
1853828
1853832
1853848
1853852
1853866
1853871
1853881
1853894
1853897
1853923
1853927
1853940
1853944
1853976
1853978
1853992
1853995
1854009
1854025
1854044
1854047
1854066
1854082
1854113
1854133
1854135
1854151
1854153
1854174
1854192
1854227
1854258
1854272
1854275
1854316
1854319
1854335
1854339
1854354
1854357
1854376
1854380
1854392
1854399
1854424
1854431
1854442
1854446
1854461
1854464
1854480
1854484
1854498
1854504
1854534
1854545
1854549
1854559
1854565
1854567
1854603
1854637
1854639
1854641
1854659
1854673
1854676
1854678
1854697
1854699
1854703
1854713
1854716
1854718
1854731
1854735
1854737
1854742
1854749
1854752
1854769
1854771
1854779
1854786
1854793
1854797
1854801
1854822
1854825
1854842
1854851
1854859
1854861
1854867
1854878
1854881
1854886
1854899
1854901
1854906
1854909
1854922
1854924
1854940
1854943
1854960
1854981
1854999
1855017
1855025
1855028
1855032
1855047
1855056
1855064
1855076
1855084
1855087
1855090
1855107
1855109
1855115
1855127
1855139
1855149
1855165
1855171
1855174
1855177
1855184
1855203
1855218
1855253
1855274
1855277
1855285
1855292
1855296
1855300
1855308
1855315
1855317
1855326
1855342
1855345
1855349
1855361
1855364
1855369
1855380
1855396
1855398
1855406
1855418
1855435
1855439
1855455
1855458
1855467
1855476
1855481
1855487
1855495
1855506
1855508
1855512
1855516
1855526
1855529
1855537
1855547
1855552
1855555
1855564
1855566
1855572
1855585
1855590
1855602
1855608
1855617
1855621
1855648
1855655
1855659
1855675
1855678
1855687
1855692
1855701
1855704
1855710
1855716
1855723
1855726
1855731
1855743
1855760
1855763
1855772
1855778
1855780
1855807
1855814
1855818
1855853
1855866
1855870
1855877
1855896
1855901
1855909
1855919
1855966
1855973
1855982
1855986
1856003
1856005
1856020
1856023
1856027
1856042
1856061
1856065
1856069
1856076
1856078
1856086
1856095
1856109
1856157
1856165
1856186
1856193
1856213
1856218
1856221
1856276
1856280
1856291
1856294
1856302
1856312
1856318
1856329
1856332
1856337
1856340
1856348
1856378
1856389
1856397
1856421
1856454
1856521
1856528
1856578
1856582
1856589
1857317
1857414
1857417
1857474
1857506
1857509
1857512
1857517
1857539
1857610
1857663
1857694
1857754
1857759
1857781
1857813
1857848
1857850
1857867
1857870
1857880
1857913
1857958
1857978
1857986
1858013
1858027
1858083
1858108
1858111
1858143
1858146
1858149
1858162
1858165
1858168
1858208
1858212
1858229
1858246
1858284
1858320
1858326
1858339
1858352
1858372
1858379
1858398
1858429
1858433
1858437
1858450
1858453
1858470
1858497
1858499
1858548
1858596
1858619
1858624
1858643
1858665
1858677
1858692
1858696
1858720
1858732
1858734
1858739
1858753
1858770
1858774
1858789
1858808
1858810
1858870
1858878
1858907
1858926
1858947
1858956
1859004
1859013
1859031
1859035
1859053
1859069
1859072
1859078
1859090
1859111
1859124
1859127
1859141
1859145
1859162
1859164
1859176
1859179
1859182
1860068
1860071
1860095
1860155
1860285
1860303
1860307
1860334
1860345
1860351
1860354
1860362
1860370
1860373
1860393
1860396
1860399
1860412
1860439
1860447
1860449
1860452
1860458
1860467
1860469
1860473
1860479
1860485
1860489
1860525
1860539
1860545
1860547
1860564
1860586
1860597
1860599
1860604
1860610
1860613
1860622
1860639
1860645
1860651
1860655
1860660
1860673
1860675
1860678
1860689
1860693
1860699
1860706
1860709
1860732
1860742
1860746
1860752
1860766
1860769
1860774
1860783
1860795
1860801
1860814
1860818
1860822
1860832
1860835
1860853
1860859
1860875
1860902
1860911
1860922
1860942
1860947
1860958
1860961
1860970
1861039
1861042
1861066
1861076
1861079
1861093
1861112
1861115
1861318
1861328
1861336
1862293
1862300
1862635
1862655
1862658
1862662
1862667
1862719
1862722
1862758
1862774
1862777
1862807
1862851
1862861
1862863
1862895
1862899
1862904
1862908
1862923
1862933
1862935
1862980
1862984
1862990
1862999
1863006
1863008
1863012
1863053
1863055
1863062
1863073
1863090
1863108
1863112
1863128
1863130
1863137
1863150
1863155
1863170
1863178
1863186
1863236
1863238
1863243
1863254
1863257
1863283
1863293
1863301
1863311
1863319
1863326
1863329
1863338
1863348
1863355
1863362
1863365
1863407
1863417
1863419
1863429
1863436
1863438
1863450
1863452
1863468
1863483
1863485
1863498
1863501
1863510
1863516
1863518
1863527
1863534
1863537
1863551
1863554
1863562
1863580
1863582
1863587
1863600
1863603
1863608
1863612
1863620
1863622
1863624
1863630
1863637
1863639
1863651
1863654
1863659
1863665
1863672
1863675
1863680
1863692
1863695
1863712
1863715
1863723
1863731
1863734
1863749
1863752
1863775
1863782
1863810
1863819
1863834
1863839
1863841
1863846
1863854
1863857
1863863
1863865
1863870
1863872
1863876
1863886
1863888
1863892
1863906
1863915
1863921
1863923
1863932
1863939
1863955
1863958
1863974
1863977
1863985
1864001
1864004
1864009
1864019
1864021
1864026
1864029
1864039
1864048
1864052
1864056
1864070
1864072
1864080
1864085
1864093
1864095
1864111
1864113
1864117
1864127
1864130
1864134
1864146
1864148
1864164
1864167
1864172
1864181
1864192
1864203
1864210
1864220
1864222
1864227
1864238
1864254
1864257
1864263
1864273
1864277
1864291
1864312
1864327
1864351
1864404
1864410
1864412
1864426
1864428
1864433
1864438
1864448
1864453
1864457
1864466
1864482
1864484
1864508
1864518
1864525
1864529
1864533
1864544
1864548
1864558
1864561
1864584
1864607
1864609
1864613
1864625
1864670
1864672
1864691
1864693
1864697
1864726
1864729
1864744
1864797
1864813
1864914
1864916
1864983
1864986
1865036
1866751
1866814
1866818
1866823
1866887
1866924
1866928
1866932
1866962
1866966
1866975
1866977
1866982
1866988
1866995
1866998
1867002
1867006
1867030
1867036
1867069
1867080
1867093
1867096
1867102
1867112
1867120
1867122
1867136
1867139
1867155
1867157
1867162
1867174
1867176
1867185
1867221
1867225
1867235
1867237
1867242
1867252
1867256
1867272
1867278
1867291
1867294
1867299
1867309
1867317
1867320
1867338
1867353
1867355
1867361
1867365
1867373
1867375
1867381
1867393
1867398
1867406
1867423
1867434
1867440
1867442
1867458
1867462
1867478
1867497
1867499
1867504
1867511
1867520
1867522
1867538
1867541
1867555
1867557
1867561
1867573
1867575
1867584
1867592
1867594
1867598
1867607
1867618
1867620
1867624
1867636
1867639
1867642
1867671
1867679
1867691
1867693
1867716
1867726
1867739
1867747
1867754
1867756
1867766
1867784
1867790
1867792
1867801
1867806
1867861
1867865
1867955
1868029
1868527
1868530
1868586
1868593
1869187
1869228
1869244
1869255
1869259
1869261
1869267
1869269
1869277
1869327
1869330
1869343
1869345
1869350
1869393
1869397
1869406
1869428
1869430
1869432
1869440
1869443
1869445
1869457
1869459
1869468
1869475
1869477
1869482
1869486
1869494
1869498
1869503
1869508
1869513
1869517
1869526
1869529
1869536
1869548
1869551
1869568
1869592
1869596
1869599
1869611
1869615
1869632
1869637
1869667
1869676
1869690
1869693
1869701
1869704
1869730
1869750
1869770
1869774
1869808
1869816
1869878
1869923
1869958
1870027
1870038
1870240
1870245
1870248
1870266
1870425
1870427
1870431
1870439
1870442
1870446
1870451
1870482
1870484
1870505
1870507
1870516
1870544
1870549
1870561
1870564
1870600
1870666
1870669
1870685
1870688
1870709
1870712
1870718
1870729
1870743
1870764
1870823
1870827
1870840
1870847
1870856
1870877
1870885
1870915
1870925
1870934
1870956
1870959
1870977
1870980
1870993
1870996
1871011
1871047
1871051
1871065
1871068
1871079
1871108
1871112
1871140
1871162
1871168
1871184
1871221
1871225
1871240
1871245
1871262
1871276
1871279
1871296
1871315
1871319
1871338
1871354
1871369
1871372
1871396
1871398
1871421
1871425
1871438
1871440
1871469
1871473
1871491
1871495
1871503
1871521
1871531
1871533
1871539
1871549
1871551
1871559
1871565
1871570
1871573
1871584
1871586
1871595
1871600
1871610
1871617
1871624
1871627
1871632
1871643
1871645
1871660
1871664
1871679
1871684
1871690
1871695
1871712
1871715
1871724
1871731
1871735
1871749
1871753
1871762
1871769
1871776
1871783
1871792
1871801
1871803
1871823
1871832
1871841
1871856
1871878
1871887
1871895
1871903
1871907
1871920
1871923
1871939
1871966
1871990
1872003
1872004
1872008
1872020
1872037
1872041
1872056
1872060
1872066
1872073
1872083
1872104
1872120
1872122
1872137
1872145
1872161
1872175
1872184
1872187
1872192
1872210
1872212
1872217
1872226
1872229
1872247
1872263
1872266
1872274
1872282
1872285
1872326
1872328
1872344
1872346
1872350
1872362
1872364
1872369
1872379
1872384
1872390
1872397
1872406
1872409
1872414
1872424
1872427
1872436
1872444
1872446
1872449
1872454
1872465
1872469
1872474
1872480
1872482
1872488
1872496
1872503
1872505
1872511
1872515
1872521
1872529
1872540
1872543
1872547
1872559
1872561
1872566
1872570
1872577
1872580
1872585
1872597
1872605
1872611
1872614
1872619
1872631
1872634
1872642
1872649
1872652
1872657
1872667
1872671
1872679
1872696
1872698
1872714
1872717
1872764
1872768
1872776
1872779
1872786
1872789
1872805
1872808
1872817
1872825
1872828
1872833
1872836
1872846
1872850
1872856
1872865
1872869
1872873
1872890
1872893
1872900
1872925
1872927
1872947
1872955
1872961
1872963
1872967
1872983
1872987
1872995
1873007
1873010
1873029
1873044
1873047
1873081
1873085
1873098
1873105
1873108
1873161
1873178
1873181
1873195
1873212
1873218
1873221
1873225
1873230
1873237
1873239
1873245
1873256
1873258
1873274
1873279
1873333
1873337
1873351
1873355
1873376
1873385
1873412
1873417
1873433
1873449
1873453
1873470
1873488
1873494
1873502
1873534
1873547
1873562
1873569
1873577
1873607
1873615
1873624
1873656
1873674
1873677
1873708
1873713
1873745
1873785
1873827
1873835
1873838
1873854
1873857
1873907
1873915
1873944
1873959
1873981
1873987
1874017
1874035
1874039
1874047
1874076
1874080
1874094
1874106
1874122
1874129
1874137
1874164
1874171
1874251
1874265
1874268
1874317
1874321
1874397
1874407
1874433
1874440
1874464
1874524
1874535
1874543
1874546
1874572
1874641
1874665
1874683
1874698
1874707
1874768
1874787
1874789
1875022
1875204
1875267
1875391
1875453
1875627
1875884
1876130
1876132
1876134
1876852
1876976
1877076
1877080
1877333
1877336
1877352
1877355
1877369
1877389
1877448
1877451
1877457
1877460
1877466
1877510
1877512
1877515
1877572
1877587
1877589
1877628
1877631
1877683
1877708
1877711
1877808
1877863
1877866
1877868
1877873
1877883
1877981
1877983
1877990
1877999
1878044
1878047
1878108
1878112
1878122
1878160
1878181
1878184
1878191
1878209
1878211
1878214
1878217
1878230
1878279
1878307
1878325
1878327
1878333
1878366
1878372
1878380
1878383
1878388
1878393
1878400
1878402
1878418
1878420
1878459
1878463
1878466
1878497
1878500
1878548
1878553
1878558
1878573
1878580
1878588
1878641
1878646
1878658
1878689
1878694
1878702
1878710
1878714
1878720
1878723
1878725
1878732
1878756
1878798
1878802
1878809
1878817
1878819
1878828
1878834
1878837
1878854
1878856
1878859
1878866
1878873
1878875
1878878
1878887
1878894
1878896
1878913
1878917
1878921
1878933
1878935
1878941
1878967
1878970
1878975
1878993
1878995
1878998
1879003
1879007
1879010
1879013
1879018
1879025
1879045
1879051
1879056
1879064
1879066
1879073
1879078
1879085
1879088
1879096
1879098
1879102
1879105
1879112
1879116
1879121
1879127
1879130
1879134
1879139
1879165
1879170
1879177
1879181
1879190
1879193
1879195
1879218
1879226
1879229
1879237
1879239
1879242
1879273
1879276
1879282
1879287
1879295
1879299
1879302
1879314
1879316
1879319
1879322
1879329
1879333
1879340
1879347
1879350
1879366
1879368
1879372
1879376
1879382
1879387
1879389
1879392
1879398
1879400
1879404
1879415
1879417
1879425
1879432
1879434
1879441
1879448
1879453
1879465
1879472
1879481
1879489
1879493
1879500
1879519
1879526
1879542
1879545
1879550
1879553
1879560
1879564
1879567
1879573
1879579
1879582
1879590
1879597
1879599
1879603
1879606
1879614
1879617
1879622
1879629
1879631
1879637
1879639
1879645
1879647
1879649
1879654
1879661
1879666
1879668
1879672
1879682
1879685
1879690
1879702
1879706
1879714
1879721
1879725
1879745
1879749
1879758
1879761
1879764
1879768
1879776
1879778
1879786
1879799
1879803
1879808
1879818
1879821
1879838
1879844
1879857
1879859
1879875
1879878
1879885
1879895
1879901
1879905
1879909
1879920
1879924
1879939
1879944
1879957
1879961
1879964
1879975
1879977
1879979
1879984
1879992
1879995
1879999
1880029
1880031
1880036
1880041
1880050
1880058
1880066
1880101
1880107
1880136
1880152
1880154
1880174
1880190
1880194
1880198
1880202
1880207
1880210
1880246
1880265
1880282
1880288
1880316
1880320
1880336
1880374
1880378
1880379
1880386
1880388
1880403
1880405
1880408
1880411
1880417
1880419
1880423
1880428
1880436
1880453
1880455
1880458
1880460
1880469
1880471
1880474
1880477
1880482
1880484
1880486
1880488
1880494
1880498
1880501
1880504
1880511
1880513
1880516
1880518
1880526
1880528
1880532
1880540
1880543
1880548
1880552
1880559
1880561
1880564
1880569
1880576
1880578
1880580
1880585
1880596
1880599
1880624
1880631
1880634
1880645
1880658
1880661
1880665
1880669
1880678
1880704
1880706
1880713
1880720
1880722
1880727
1880730
1880738
1880745
1880770
1880779
1880783
1880791
1880795
1880827
1880844
1880861
1880884
1880888
1880890
1880896
1880914
1880921
1880944
1880946
1880949
1880957
1880961
1880964
1880992
1880995
1880998
1881002
1881017
1881044
1881047
1881050
1881054
1881100
1881104
1881266
1881514
1881516
1881568
1881577
1881670
1881677
1881680
1882341
1882528
1882530
1882545
1882560
1882564
1882598
1882603
1882631
1882638
1882645
1882652
1882708
1882726
1882765
1882768
1882805
1882808
1882831
1882840
1882843
1882858
1882862
1882865
1882869
1882888
1882895
1882918
1882920
1882936
1882938
1882973
1882983
1882993
1883030
1883033
1883041
1883049
1883064
1883067
1883099
1883103
1883109
1883124
1883140
1883158
1883230
1883277
1883288
1883316
1883334
1883337
1883352
1883398
1883400
1883405
1883418
1883470
1883472
1883474
1883481
1883489
1883494
1883499
1883547
1883552
1883582
1883585
1883593
1883602
1883614
1883621
1883644
1883662
1883710
1883713
1883718
1883720
1883727
1883730
1883734
1883738
1883754
1883781
1883784
1883788
1883803
1883808
1883811
1883834
1883873
1883882
1883884
1883888
1883896
1883901
1883905
1883912
1883916
1883920
1883947
1883951
1883956
1883962
1883968
1883971
1883976
1883984
1883992
1883995
1884000
1884005
1884008
1884015
1884018
1884027
1884036
1884054
1884056
1884060
1884080
1884083
1884086
1884100
1884102
1884107
1884110
1884138
1884141
1884146
1884160
1884165
1884170
1884179
1884183
1884189
1884202
1884205
1884219
1884236
1884248
1884255
1884276
1884296
1884308
1884327
1884329
1884345
1884349
1884375
1884382
1884388
1884421
1884430
1884437
1884440
1884443
1884450
1884458
1884462
1884468
1884494
1884498
1884510
1884513
1884519
1884538
1884543
1884549
1884558
1884568
1884574
1884599
1884603
1884619
1884623
1884639
1884658
1884672
1884709
1884743
1884800
1884926
1884930
1886069
1886072
1886079
1886316
1886318
1886320
1886327
1886329
1886332
1886338
1886359
1886382
1886391
1886461
1886464
1886469
1886481
1886486
1886495
1886516
1886520
1886524
1886532
1886535
1886558
1886572
1886575
1886581
1886592
1886597
1886608
1886614
1886621
1886634
1886637
1886642
1886648
1886650
1886654
1886659
1886669
1886674
1886679
1886687
1886711
1886715
1886720
1886727
1886737
1886755
1886763
1886768
1886776
1886789
1886806
1886823
1886850
1886861
1886864
1886867
1886871
1886877
1886879
1886883
1886896
1886899
1886907
1886921
1886925
1886950
1886959
1886961
1886973
1886977
1886981
1886991
1886993
1886996
1887001
1887010
1887015
1887021
1887059
1887065
1887067
1887072
1887083
1887097
1887099
1887105
1887112
1887115
1887128
1887131
1887159
1887166
1887169
1887172
1887176
1887182
1887186
1887188
1887191
1887198
1887200
1887203
1887206
1887213
1887216
1887220
1887223
1887231
1887233
1887236
1887239
1887247
1887249
1887258
1887266
1887273
1887277
1887281
1887290
1887299
1887301
1887304
1887316
1887318
1887348
1887359
1887376
1887395
1887415
1887431
1887434
1887450
1887454
1887458
1887461
1887470
1887473
1887480
1887485
1887495
1887499
1887505
1887516
1887518
1887525
1887536
1887540
1887547
1887555
1887559
1887564
1887577
1887582
1887596
1887602
1887607
1887613
1887624
1887626
1887644
1887653
1887657
1887665
1887693
1887695
1887710
1887712
1887718
1887732
1887749
1887753
1887762
1887779
1887797
1887806
1887808
1887815
1887830
1887846
1887911
1890260
1890264
1890268
1890297
1890299
1890303
1890308
1890319
1890347
1890351
1890355
1890359
1890370
1890389
1890395
1890446
1890450
1890489
1890527
1890530
1890549
1890565
1890582
1890587
1890618
1890622
1890637
1890663
1890701
1890707
1890736
1890853
1890911
1890914
1890925
1890939
1890951
1890962
1890980
1890996
1890999
1891015
1891018
1891035
1891052
1891063
1891070
1891077
1891080
1891090
1891096
1891099
1891103
1891115
1891124
1891131
1891134
1891142
1891153
1891170
1891174
1891178
1891182
1891191
1891193
1891198
1891208
1891215
1891218
1891227
1891235
1891238
1891255
1891257
1891274
1891282
1891294
1891302
1891317
1891334
1891339
1891356
1891368
1891371
1891404
1891413
1891425
1891440
1891658
1891745
1891827
1891875
1895313
1895316
1895321
1895324
1895332
1895336
1895339
1895341
1895353
1895385
1895387
1895389
1895395
1895407
1895409
1895414
1895418
1895441
1895448
1895460
1895462
1895466
1895469
1895475
1895477
1895481
1895487
1895496
1895501
1895503
1895505
1895512
1895514
1895518
1895522
1895529
1895531
1895534
1895538
1895546
1895548
1895552
1895563
1895566
1895571
1895580
1895586
1895592
1895599
1895605
1895611
1895615
1895620
1895624
1895630
1895633
1895636
1895640
1895646
1895649
1895653
1895656
1895664
1895666
1895675
1895684
1895688
1895693
1895697
1895705
1895709
1895714
1895725
1895728
1895732
1895746
1895749
1895758
1895760
1895763
1895768
1895776
1895779
1895781
1895784
1895793
1895795
1895798
1895803
1895808
1895812
1895815
1895817
1895826
1895829
1895836
1895842
1895845
1895849
1895853
1895860
1895865
1895870
1895879
1895884
1895888
1895892
1895898
1895902
1895907
1895918
1895921
1895924
1895927
1895935
1895938
1895943
1895973
1895976
1895983
1895989
1895996
1895999
1896001
1896004
1896011
1896014
1896018
1896021
1896032
1896035
1896040
1896049
1896057
1896061
1896071
1896073
1896080
1896084
1896092
1896096
1896099
1896102
1896111
1896114
1896116
1896129
1896133
1896136
1896140
1896149
1896151
1896156
1896165
1896170
1896173
1896178
1896187
1896189
1896193
1896199
1896206
1896210
1896213
1896225
1896228
1896234
1896237
1896245
1896248
1896252
1896263
1896266
1896271
1896281
1896285
1896290
1896296
1896305
1896307
1896320
1896322
1896325
1896330
1896336
1896338
1896340
1896346
1896353
1896356
1896364
1896373
1896378
1896381
1896385
1896393
1896396
1896400
1896403
1896409
1896411
1896414
1896420
1896426
1896446
1896448
1896451
1896456
1896463
1896466
1896469
1896473
1896481
1896483
1896486
1896491
1896498
1896505
1896508
1896517
1896520
1896528
1896535
1896537
1896542
1896545
1896554
1896557
1896562
1896567
1896575
1896578
1896580
1896584
1896593
1896596
1896601
1896606
1896608
1896610
1896620
1896648
1896655
1896658
1896667
1896675
1896677
1896680
1896685
1896696
1896706
1896709
1896714
1896720
1896726
1896728
1896732
1896736
1896743
1896762
1896766
1896771
1896799
1896801
1896806
1896809
1896816
1896820
1896828
1896850
1896861
1896863
1896867
1896930
1896937
1896939
1896945
1896948
1896982
1896989
1897000
1897018
1897049
1897055
1897066
1897121
1897124
1897128
1897181
1897183
1897185
1897189
1897205
1897245
1897270
1897317
1897325
1897337
1897350
1897384
1897386
1897404
1897406
1897411
1897436
1897457
1897462
1897483
1897486
1897488
1897525
1897527
1897530
1897556
1897606
1897673
1897676
1897694
1899650
1899657
1899665
1899669
1899673
1899724
1899786
1899795
1899803
1899814
1899829
1899832
1899841
1899851
1899860
1899867
1899870
1899877
1899889
1899894
1899898
1899906
1899919
1899923
1899934
1899942
1899946
1899955
1899961
1899972
1899988
1899991
1899995
1900002
1900012
1900016
1900034
1900044
1900051
1900054
1900059
1900073
1900079
1900090
1900094
1900099
1900106
1900114
1900118
1900131
1900133
1900142
1900156
1900160
1900172
1900178
1900193
1900202
1900218
1900220
1900226
1900237
1900240
1900248
1900267
1900273
1900277
1900284
1900291
1900294
1900307
1900310
1900313
1900317
1900325
1900328
1900331
1900334
1900344
1900351
1900355
1900362
1900366
1900369
1900371
1900383
1900395
1900404
1900407
1900411
1900415
1900422
1900424
1900427
1900430
1900436
1900439
1900445
1900455
1900457
1900460
1900473
1900475
1900478
1900485
1900492
1900496
1900501
1900513
1900516
1900521
1900524
1900535
1900548
1900551
1900553
1900556
1900565
1900568
1900570
1900575
1900587
1900593
1900595
1900605
1900620
1900626
1900631
1900643
1900648
1900651
1900658
1900670
1900700
1900703
1900715
1900719
1900721
1900725
1900735
1900762
1900788
1900794
1900801
1900826
1900840
1900858
1900866
1900919
1900932
1900937
1900941
1900949
1900951
1900957
1901015
1901083
1901089
1901096
1901099
1901307
1901373
1901378
1901388
1901390
1901395
1901407
1901410
1901413
1901460
1901523
1901541
1901564
1901572
1901596
1901599
1901601
1901646
1901665
1901695
1901700
1901714
1901716
1901721
1901768
1901776
1901780
1901794
1901826
1901829
1901834
1901847
1901868
1901873
1901881
1901888
1901897
1901900
1901929
1901932
1901937
1901948
1901951
1901966
1901969
1901973
1901980
1901993
1902010
1902017
1902025
1902028
1902044
1902048
1902055
1902064
1902067
1902080
1902088
1902104
1902106
1902117
1902136
1902146
1902162
1902164
1902167
1902180
1902184
1902191
1902200
1902203
1902222
1902227
1902231
1902239
1902244
1902249
1902256
1902259
1902269
1902277
1902281
1902284
1902290
1902299
1902306
1902311
1902320
1902326
1902329
1902353
1902357
1902360
1902366
1902373
1902376
1902384
1902398
1902406
1902430
1902436
1902446
1902448
1902464
1902472
1902483
1902486
1902496
1902508
1902522
1902525
1902535
1902546
1902560
1902564
1902580
1902582
1902589
1902597
1902605
1902613
1902624
1902626
1902632
1902636
1902649
1902653
1902669
1902682
1902684
1902689
1902696
1902705
1902708
1902713
1902718
1902730
1902732
1902736
1902742
1902745
1902747
1902760
1902763
1902769
1902782
1902787
1902797
1902812
1902815
1902820
1902832
1902836
1902844
1902850
1902853
1902863
1902870
1902872
1902878
1902881
1902888
1902891
1902896
1902914
1902916
1902921
1902933
1902937
1902940
1902952
1902955
1902964
1902970
1902973
1902976
1902989
1902991
1903003
1903010
1903012
1903028
1903037
1903047
1903050
1903064
1903067
1903071
1903073
1903079
1903083
1903086
1903092
1903100
1903104
1903109
1903117
1903121
1903125
1903130
1903140
1903143
1903148
1903156
1903158
1903160
1903162
1903170
1903173
1903176
1903181
1903207
1903216
1903218
1903220
1903233
1903236
1903239
1903251
1903271
1903274
1903280
1903290
1903302
1903318
1903321
1903336
1903339
1903348
1903354
1903356
1903362
1903366
1903373
1903375
1903378
1903383
1903391
1903394
1903399
1903403
1903408
1903412
1903417
1903428
1903432
1903435
1903446
1903449
1903453
1903458
1903466
1903469
1903473
1903479
1903491
1903496
1903525
1903532
1903534
1903537
1903545
1903547
1903552
1903554
1903561
1903565
1903567
1903569
1903575
1903577
1903579
1903584
1903591
1903595
1903598
1903627
1903638
1903642
1903646
1903648
1903661
1903663
1903675
1903706
1903720
1903727
1903736
1903754
1903758
1903763
1903766
1903801
1904234
1904242
1904247
1904250
1905776
1905822
1905859
1905916
1905975
1905977
1905985
1905994
1905996
1906025
1906038
1906048
1906065
1906072
1906080
1906083
1906122
1906132
1906176
1906178
1906182
1906187
1906196
1906199
1906204
1906209
1906219
1906223
1906238
1906242
1906246
1906256
1906258
1906273
1906277
1906280
1906283
1906291
1906293
1906297
1906300
1906312
1906318
1906325
1906352
1906354
1906363
1906370
1906372
1906379
1906388
1906391
1906400
1906405
1906412
1906417
1906432
1906434
1906449
1906453
1906458
1906462
1906469
1906471
1906476
1906487
1906489
1906498
1906506
1906509
1906516
1906524
1906528
1906533
1906544
1906548
1906553
1906559
1906566
1906575
1906577
1906583
1906587
1906594
1906596
1906612
1906614
1906623
1906633
1906651
1906657
1906663
1906675
1906679
1906685
1906704
1906710
1906714
1906717
1906727
1906746
1906751
1906764
1906779
1906782
1906788
1906798
1906802
1906818
1906821
1906825
1906837
1906840
1906845
1906848
1906856
1906858
1906864
1906868
1906876
1906881
1906888
1906895
1906915
1906920
1906927
1906946
1906954
1906958
1906965
1906968
1906972
1906977
1906984
1906987
1906991
1906995
1907005
1907019
1907021
1907025
1907030
1907036
1907040
1907045
1907057
1907059
1907064
1907081
1907096
1907104
1907114
1907119
1907134
1907137
1907153
1907156
1907186
1907202
1907206
1907214
1907230
1907236
1907239
1907246
1907249
1907258
1907265
1907267
1907271
1907285
1907301
1907304
1907308
1907313
1907319
1907322
1907326
1907343
1907347
1907351
1907365
1907375
1907397
1907399
1907415
1907418
1907426
1907432
1907435
1907439
1907459
1907464
1907471
1907525
1907531
1907536
1907662
1907681
1907697
1907732
1907752
1907755
1907759
1907768
1907770
1907776
1907781
1907817
1907820
1907826
1907836
1907841
1907854
1907871
1907873
1907898
1907925
1907949
1907958
1907967
1907974
1907995
1908007
1908009
1908029
1908040
1908058
1908063
1908064
1908068
1908073
1908077
1908084
1908094
1908096
1908101
1908129
1908138
1908147
1908150
1908159
1908172
1908181
1908186
1908199
1908202
1908207
1908218
1908221
1908238
1908241
1908249
1908257
1908260
1908274
1908282
1908287
1908303
1908307
1908324
1908337
1908339
1908355
1908357
1908363
1908369
1908376
1908422
1908426
1908438
1908441
1908457
1908468
1908480
1908485
1908493
1908527
1908531
1908545
1908547
1908552
1908565
1908584
1908586
1908590
1908604
1908609
1908625
1908629
1908642
1908644
1908660
1908663
1908668
1908674
1908681
1908686
1908713
1908717
1908724
1908734
1908741
1908744
1908748
1908753
1908760
1908763
1908781
1908785
1908790
1908802
1908817
1908837
1908850
1908855
1908860
1908866
1908870
1908876
1908884
1908887
1908889
1908892
1908902
1908908
1908911
1908920
1908923
1908927
1908931
1908938
1908942
1908958
1908963
1908983
1908999
1909005
1909023
1909029
1909033
1909042
1909048
1909052
1909068
1909073
1909083
1909086
1909092
1909104
1909106
1909122
1909125
1909142
1909145
1909150
1909159
1909161
1909166
1909170
1909177
1909191
1909197
1909204
1909226
1909240
1909253
1909260
1909282
1909284
1909286
1909292
1909297
1909313
1909364
1909368
1909371
1909377
1909393
1909420
1909425
1909491
1909495
1909502
1909522
1909526
1909536
1909650
1909653
1909682
1909684
1909689
1909692
1909761
1909778
1909782
1909784
1909789
1909830
1909844
1909901
1909913
1909917
1909920
1909934
1909953
1910004
1910032
1910072
1910074
1910090
1910165
1910191
1910267
1910294
1910301
1910350
1910354
1910371
1910375
1910538
1910556
1910625
1910661
1910736
1910790
1910798
1910801
1910804
1910847
1910916
1910935
1910938
1911005
1911014
1911049
1911149
1911210
1911218
1911221
1911269
1911288
1911338
1911341
1911358
1911375
1911419
1911430
1911501
1911519
1911523
1911579
1911671
1911846
1911871
1911977
1912493
1912495
1912510
1912520
1912530
1912539
1912542
1912546
1912572
1912574
1912579
1912584
1912616
1912621
1912625
1912633
1912636
1912642
1912649
1912651
1912654
1912658
1912665
1912668
1912671
1912675
1912684
1912686
1912703
1912705
1912710
1912713
1912718
1912720
1912724
1912728
1912735
1912738
1912742
1912746
1912754
1912760
1912766
1912775
1912779
1912791
1912793
1912797
1912800
1912807
1912812
1912819
1912827
1912829
1912832
1912838
1912845
1912848
1912856
1912861
1912863
1912869
1912875
1912881
1912883
1912887
1912891
1912897
1912899
1912903
1912907
1912914
1912918
1912922
1912932
1912934
1912937
1912940
1912946
1912948
1912952
1912955
1912964
1912966
1912972
1912976
1912986
1912989
1912992
1912999
1913004
1913006
1913013
1913020
1913022
1913025
1913030
1913036
1913038
1913042
1913045
1913052
1913055
1913061
1913065
1913073
1913076
1913078
1913083
1913091
1913095
1913097
1913115
1913122
1913124
1913127
1913131
1913137
1913139
1913141
1913147
1913154
1913157
1913162
1913182
1913184
1913206
1913209
1913211
1913219
1913221
1913223
1913226
1913253
1913271
1913275
1913280
1913290
1913292
1913295
1913300
1913308
1913311
1913317
1913323
1913327
1913344
1913348
1913358
1913362
1913373
1913380
1913384
1913386
1913393
1913399
1913402
1913405
1913408
1913414
1913432
1913434
1913436
1913441
1913467
1913470
1913476
1913482
1913490
1913493
1913497
1913502
1913515
1913519
1913529
1913533
1913538
1913563
1913658
1913680
1913685
1913751
1913824
1913828
1913830
1913908
1914139
1914201
1914280
1914282
1914289
1914388
1914422
1914487
1914566
1914570
1914972
1914975
1914981
1915014
1915524
1915527
1915766
1915768
1915784
1915786
1915817
1915820
1915840
1915856
1915866
1915887
1915904
1915913
1915916
1915948
1915950
1915968
1915970
1915975
1915981
1915983
1915986
1915993
1915998
1916000
1916005
1916008
1916016
1916019
1916022
1916029
1916036
1916038
1916042
1916054
1916057
1916063
1916072
1916078
1916082
1916090
1916094
1916102
1916104
1916108
1916122
1916125
1916132
1916140
1916144
1916153
1916160
1916163
1916166
1916171
1916178
1916181
1916184
1916194
1916204
1916211
1916215
1916219
1916223
1916229
1916232
1916235
1916237
1916242
1916245
1916247
1916249
1916254
1916266
1916268
1916270
1916273
1916279
1916281
1916284
1916287
1916294
1916296
1916298
1916301
1916307
1916310
1916312
1916315
1916321
1916323
1916325
1916328
1916334
1916336
1916338
1916341
1916348
1916351
1916353
1916357
1916363
1916366
1916369
1916376
1916382
1916384
1916386
1916389
1916394
1916396
1916401
1916406
1916412
1916414
1916418
1916421
1916428
1916430
1916433
1916438
1916446
1916448
1916451
1916456
1916465
1916468
1916472
1916477
1916479
1916487
1916491
1916496
1916498
1916500
1916504
1916509
1916512
1916514
1916517
1916522
1916524
1916526
1916529
1916535
1916538
1916540
1916542
1916548
1916550
1916552
1916554
1916559
1916561
1916563
1916571
1916573
1916575
1916579
1916585
1916587
1916589
1916591
1916597
1916600
1916626
1916639
1916643
1916647
1916654
1916657
1916661
1916664
1916669
1916671
1916673
1916675
1916686
1916695
1916697
1916700
1916702
1916711
1916713
1916715
1916718
1916738
1916745
1916751
1916761
1916776
1916779
1916784
1916788
1916870
1916872
1916874
1916917
1916928
1916932
1916944
1916947
1916954
1916964
1916986
1916989
1917035
1917048
1917050
1917056
1917144
1917147
1917151
1917155
1917355
1918034
1918095
1918101
1918160
1918279
1918383
1918445
1918449
1918451
1918457
1918496
1918498
1918500
1918503
1918508
1918510
1918512
1918514
1918548
1918550
1918553
1918608
1918610
1918618
1918620
1918627
1918631
1918633
1918635
1918641
1918643
1918645
1918647
1918654
1918656
1918659
1918661
1918680
1918683
1918686
1918688
1918693
1918695
1918697
1918699
1918713
1918770
1918772
1918776
1918782
1918784
1918786
1918788
1918794
1918797
1918799
1918801
1918831
1918833
1918836
1918838
1918843
1918845
1918859
1918861
1918864
1918866
1918873
1918875
1918878
1918885
1918887
1918891
1918897
1918899
1918902
1918905
1918911
1918915
1918917
1918919
1918925
1918928
1918930
1918932
1918942
1918945
1918948
1918962
1918964
1918973
1918977
1918986
1918998
1919000
1919005
1919010
1919017
1919024
1919036
1919038
1919044
1919053
1919057
1919062
1919065
1919071
1919074
1919082
1919099
1919103
1919125
1919134
1919143
1919148
1919159
1919162
1919172
1919178
1919186
1919209
1919216
1919220
1919229
1919296
1919304
1919309
1919314
1919333
1919351
1919359
1919365
1919410
1919418
1919425
1919428
1919446
1919449
1919465
1919469
1919484
1919488
1919528
1919534
1919538
1919574
1919593
1919599
1919616
1919628
1919631
1919648
1919702
1919707
1919723
1919735
1919739
1919760
1919764
1919793
1919802
1919811
1919816
1919818
1919824
1919828
1919834
1919844
1919847
1919855
1919870
1919882
1919900
1919908
1919926
1919930
1919944
1919955
1919966
1919970
1920000
1920007
1920009
1920016
1920024
1920031
1920039
1920041
1920046
1920050
1920058
1920066
1920074
1920077
1920079
1920083
1920088
1920092
1920101
1920111
1920120
1920126
1920136
1920140
1920159
1920170
1920175
1920179
1920226
1920256
1920258
1920260
1920310
1920325
1920404
1920408
1920411
1920479
1920506
1920573
1920705
1920735
1920748
1920753
1920792
1920843
1920863
1920902
1920915
1920921
1920961
1920978
1920994
1921025
1921071
1921295
1921353
1921590
1921879
1921969
1922141
1922145
1922151
1922155
1922164
1922234
1922294
1922342
1922352
1922358
1922360
1922364
1922373
1922377
1922425
1922428
1922434
1922440
1922442
1922448
1922452
1922458
1922460
1922466
1922512
1922516
1922520
1922522
1922579
1922746
1922750
1922755
1922766
1922789
1922792
1922800
1922805
1922837
1922846
1922852
1922855
1922877
1922909
1922929
1922938
1922965
1922979
1922982
1922991
1922998
1923000
1923004
1923009
1923016
1923048
1923050
1923055
1923058
1923066
1923070
1923075
1923116
1923120
1923124
1923134
1923137
1923142
1923152
1923159
1923163
1923245
1923249
1923322
1923327
1923342
1923346
1923413
1923609
1923988
1923992
1923996
1924002
1924006
1924011
1924014
1924034
1924041
1924044
1924049
1924053
1924061
1924068
1924070
1924110
1924119
1924121
1924125
1924127
1924140
1924143
1924150
1924173
1924185
1924201
1924204
1924209
1924224
1924227
1924231
1924242
1924245
1924260
1924272
1924281
1924283
1924286
1924302
1924309
1924319
1924322
1924338
1924341
1924345
1924347
1924380
1924383
1924391
1924395
1924457
1924460
1924468
1924474
1924485
1924505
1924508
1924511
1924549
1924554
1924556
1924562
1924570
1924573
1924575
1924577
1924583
1924587
1924591
1924594
1924601
1924605
1924607
1924612
1924619
1924624
1924630
1924636
1924639
1924641
1924645
1924653
1924657
1924662
1924671
1924677
1924694
1924721
1924726
1924731
1924739
1924755
1924758
1924775
1924790
1924804
1924835
1924839
1924843
1924911
1924918
1924926
1924931
1924937
1925011
1925062
1925083
1925088
1925095
1925120
1925128
1925131
1928400
1928678
1928680
1928684
1928752
1928840
1928977
1929028
1929491
1929645
1930048
1930086
1930094
1930097
1930278
1930284
1930367
1930387
1930412
1930440
1930442
1930445
1930448
1930455
1930457
1930462
1930471
1930473
1930484
1930486
1930489
1930492
1930498
1930506
1930514
1930540
1930554
1930556
1930558
1930563
1930572
1930577
1930582
1930617
1930620
1930630
1930639
1930641
1930650
1930675
1930681
1930736
1930739
1930755
1930761
1930764
1930770
1930776
1930782
1930785
1930787
1930791
1930797
1930800
1930802
1930804
1930811
1930813
1930816
1930819
1930825
1930827
1930829
1930834
1930840
1930845
1930847
1930854
1930868
1930870
1930873
1930880
1930886
1930892
1930912
1930920
1930944
1930947
1930950
1930965
1930967
1930973
1930988
1930997
1931004
1931010
1931013
1931021
1931057
1931063
1931066
1931074
1931083
1931085
1931101
1931111
1931113
1931133
1931141
1931148
1931157
1931163
1931165
1931174
1931180
1931190
1931198
1931213
1931215
1931218
1931224
1931233
1931236
1931250
1931257
1931298
1931301
1931304
1931312
1931316
1931325
1931331
1931333
1931352
1931356
1931369
1931375
1931383
1931391
1931393
1931399
1931405
1931408
1931414
1931416
1931422
1931433
1931438
1931467
1931469
1931485
1931491
1931495
1931499
1931527
1931530
1931564
1931566
1931572
1931587
1931589
1931605
1931613
1931616
1931668
1931671
1931678
1931721
1931731
1931757
1931775
1931777
1931782
1931791
1931822
1931825
1931840
1931843
1931866
1931940
1931973
1931976
1932022
1932024
1932041
1932061
1932140
1932142
1932158
1932160
1932169
1932211
1932220
1932222
1932226
1932231
1932257
1932261
1932295
1932320
1932333
1932341
1932343
1932352
1932393
1932417
1932424
1932432
1932444
1932463
1932469
1932479
1932519
1932526
1932563
1932572
1932578
1932582
1932603
1932619
1932622
1932637
1932640
1932649
1932657
1932660
1932666
1932671
1932678
1932687
1932695
1932702
1932708
1932710
1932719
1932744
1932748
1932761
1932764
1932769
1932782
1932801
1932804
1932809
1932820
1932842
1932857
1932860
1932865
1932869
1932876
1932878
1932884
1932900
1932902
1932918
1932921
1932937
1932939
1932956
1932958
1932974
1932976
1932982
1932992
1933000
1933003
1933013
1933020
1933034
1933038
1933046
1933054
1933066
1933074
1933076
1933084
1933093
1933120
1933122
1933126
1933136
1933138
1933143
1933154
1933157
1933162
1933172
1933174
1933179
1933188
1933196
1933198
1933207
1933213
1933218
1933222
1933229
1933232
1933241
1933247
1933249
1933255
1933259
1933267
1933272
1933279
1933286
1933289
1933297
1933305
1933311
1933313
1933317
1933329
1933331
1933335
1933347
1933349
1933355
1933364
1933367
1933370
1933374
1933381
1933383
1933387
1933398
1933405
1933408
1933413
1933417
1933424
1933433
1933443
1933452
1933458
1933460
1933469
1933477
1933479
1933486
1933496
1933505
1933509
1933513
1933517
1933524
1933527
1933543
1933545
1933551
1933564
1933570
1933574
1933581
1933584
1933592
1933601
1933607
1933610
1933623
1933625
1933638
1933641
1933656
1933659
1933673
1933680
1933683
1933699
1933707
1933709
1933724
1933727
1933733
1933737
1933744
1933746
1933760
1933764
1933781
1933789
1933799
1933806
1933809
1933823
1933826
1933835
1933842
1933846
1933854
1933865
1933876
1933878
1933894
1933899
1933903
1933923
1933929
1933931
1933934
1933938
1933944
1933947
1933953
1933956
1933964
1933966
1933972
1933975
1933985
1933988
1934001
1934004
1934010
1934013
1934031
1934056
1934060
1934072
1934080
1934082
1934106
1934117
1934119
1934124
